Character to attribute mapping:
  G: ?
  A: East China
  B: North China
  C: Northeast China
  D: Northwestern China
  E: South Central China
  F: Southwestern China


Substitution rate (mu): 13.294799

Equilibrium frequencies (pi_i):
  A: 0.1798
  B: 0.1407
  C: 0.1761
  D: 0.188
  E: 0.1573
  F: 0.158

Symmetrized rates from j->i (W_ij):
	A	B	C	D	E	F
  A	0	1.1675	0.6223	0.7993	2.2488	2.314
  B	1.1675	0	1.3095	0.9785	0.6428	0.8003
  C	0.6223	1.3095	0	0.6584	0.646	0.6317
  D	0.7993	0.9785	0.6584	0	0.6437	2.9127
  E	2.2488	0.6428	0.646	0.6437	0	1.6547
  F	2.314	0.8003	0.6317	2.9127	1.6547	0

Actual rates from j->i (Q_ij):
	A	B	C	D	E	F
  A	0	0.2099	0.1119	0.1437	0.4044	0.4161
  B	0.1643	0	0.1843	0.1377	0.0904	0.1126
  C	0.1096	0.2306	0	0.116	0.1138	0.1113
  D	0.1502	0.1839	0.1238	0	0.121	0.5475
  E	0.3538	0.1011	0.1016	0.1013	0	0.2603
  F	0.3657	0.1265	0.0998	0.4603	0.2615	0

